"197.303406
198.105891
198.908315
199.710678
200.512980
201.315220
202.117398
202.919515
203.721571
204.523565
205.325497
206.127368
206.929177
207.730924
208.532610
209.334234
210.135796
210.937296
211.738734
212.540110
213.341424
214.142675
214.943865
215.744993
216.546058
217.347062
218.148003
218.948881
219.749697
220.550451
221.351143
222.151772
222.952338
223.752842
224.553283
225.353662
226.153978
226.954231
227.754421
228.554549
229.354613
230.154615
230.954554
231.754430
232.554242
233.353992
234.153679
234.953302
235.752863
236.552360
237.351793
238.151164
238.950471
239.749715
240.548895
241.348012
242.147065
242.946055
243.744981
244.543843
245.342642
246.141377
246.940048
247.738655
248.537199
249.335679
250.134094
250.932446
251.730734
252.528957
253.327117
254.125212
254.923243
255.721210
256.519113
257.316951
258.114725
258.912435
259.710080
260.507660
261.305176
262.102628
262.900015
263.697337
264.494595
265.291788
266.088916
266.885979
267.682977
268.479911
269.276779
270.073583
270.870322
271.666995
272.463603
273.260147
274.056625
274.853037
275.649385
276.445667
277.241884
278.038036
278.834122
279.630142
280.426097
281.221987
282.017810
282.813569
283.609261
284.404888
285.200449
285.995944
286.791373
287.586737
288.382034
289.177266
289.972431
290.767531
291.562564
292.357531
293.152432
293.947267
294.742035
295.536737
296.331373
297.125942
297.920445
298.714882
299.509252
300.303555
301.097792
301.891962
302.686065
303.480102
304.274072
305.067975
305.861811
306.655581
307.449283
308.242919
309.036487
309.829988
310.623422
311.416790
312.210089
313.003322
313.796488
314.589586
315.382616
316.175580
316.968476
317.761304
318.554065
319.346758
320.139384
320.931942
321.724432
322.516855
323.309210
324.101497
324.893716
325.685868
326.477951
327.269966
328.061914
328.853793
329.645604
330.437347
331.229022
332.020629
332.812167
333.603637
334.395039
335.186372
335.977637
336.768833
337.559961
338.351021
339.142011
339.932933
340.723787
341.514571
342.305287
343.095934
343.886513
344.677022
345.467462
346.257834
347.048136
347.838369
348.628534
349.418629
350.208654
350.998611
351.788499
352.578317
353.368065
354.157745
354.947355
355.736895
356.526366
357.315767
358.105099
358.894361
359.683553
360.472676
361.261729
362.050712
362.839625
363.628468
364.417242
365.205945
365.994579
366.783142
367.571635
368.360058
369.148411
369.936694
370.724906
371.513048
372.301120
373.089122
373.877053
374.664913
375.452703
376.240422
377.028071
377.815649
378.603157
379.390593
380.177959
380.965254
381.752479
382.539632
383.326714
384.113726
384.900666
385.687536
386.474334
387.261061
388.047717
388.834302
389.620815
390.407258
391.193628
391.979928
392.766156
393.552312
394.338397
395.124411
395.910353
396.696223
397.482021
398.267748
399.053403
399.838986
400.624498
401.409937
402.195305
402.980600
403.765824
404.550975
405.336055
406.121062
406.905997
407.690860
408.475650
409.260369
410.045015
410.829588
411.614089
412.398518
413.182874
413.967157
414.751368
415.535507
416.319572
417.103565
417.887485
418.671333
419.455107
420.238809
421.022437
421.805993
422.589476
423.372885
424.156222
424.939485
425.722675
426.505792
427.288836
428.071806
428.854703
429.637527
430.420277
431.202954
431.985557
432.768087
433.550543
434.332925
435.115234
435.897469
436.679630
437.461718
438.243731
439.025671
439.807537
440.589329
441.371046
442.152690
442.934260
443.715755
444.497177
445.278524
446.059796
446.840995
447.622119
448.403169
449.184144
449.965045
450.745872
451.526623
452.307301
453.087903
453.868431
454.648884
455.429263
456.209566
456.989795
457.769949
458.550028
459.330032
460.109961
460.889815
461.669594
462.449297
463.228926
464.008479
464.787957
465.567360
466.346687
467.125939
467.905116
468.684217
469.463242
470.242192
471.021067
471.799865
472.578589
473.357236
474.135808
474.914303
475.692723
476.471067
477.249336
478.027528
478.805644
479.583684
480.361648
481.139536
481.917348
482.695083
483.472742
484.250325
485.027832
485.805262
486.582616
487.359893
488.137094
488.914218
489.691266
490.468237
491.245131
492.021949
492.798689
493.575353
494.351941
495.128451
495.904884
496.681241
497.457520
498.233722
499.009848
499.785896
500.561867
501.337760
502.113577
502.889316
503.664978
504.440562
505.216069
505.991499
506.766851
507.542125
508.317322
509.092441
509.867483
510.642447
511.417333
512.192141
512.966871
513.741524
514.516099
515.290595
516.065014
516.839355
517.613617
518.387801
519.161908
519.935936
520.709885
521.483757
522.257550
523.031264
523.804901
524.578459
525.351938
526.125339
526.898661
527.671904
528.445069
529.218155
529.991163
530.764091
531.536941
532.309712
533.082404
533.855016
534.627550
535.400005
536.172381
536.944678
537.716895
538.489033
539.261092
540.033072
540.804973
541.576794
542.348535
543.120197
543.891780
544.663283
545.434706
546.206050
546.977314
547.748499
548.519603
549.290628
550.061573
550.832438
551.603224
552.373929
553.144554
553.915099
554.685564
555.455949
556.226254
556.996479
557.766623
558.536687
559.306671
560.076574
560.846397
561.616139
562.385801
563.155383
563.924883
564.694304
565.463643
566.232902
567.002080
567.771177
568.540193
569.309129
570.077983
570.846757
571.615450
572.384061
573.152591
573.921041
574.689409
575.457696
576.225902
576.994026
577.762069
578.530031
579.297911
580.065710
580.833427
581.601063
582.368617
583.136089
583.903480
584.670789
585.438017
586.205162
586.972226
587.739208
588.506108
589.272926
590.039662
590.806315
591.572887
592.339377
593.105785
593.872110
594.638353
595.404514
596.170592
596.936588
597.702502
598.468333
599.234082
599.999748
600.765331
601.530832
602.296250
603.061586
603.826839
604.592008
605.357096
606.122100
606.887021
607.651859
608.416615
609.181287
609.945876
610.710382
611.474805
612.239145
613.003402
613.767575
614.531665
615.295671
616.059594
616.823434
617.587190
618.350862
619.114451
619.877956
620.641378
621.404716
622.167970
622.931141
623.694227
624.457230
625.220149
625.982983
626.745734
627.508401
628.270983
629.033482
629.795896
630.558227
631.320472
632.082634
632.844711
633.606704
634.368613
635.130437
635.892176
636.653831
637.415401
638.176887
638.938288
639.699605
640.460836
641.221983
641.983045
642.744022
643.504914
644.265722
645.026444
645.787081
646.547633
647.308100
648.068482
648.828779
649.588990
650.349116
651.109157
651.869112
652.628982
653.388767
654.148466
654.908079
655.667607
656.427049
657.186406
657.945676
658.704862
659.463961
660.222974
660.981902
661.740744
662.499499
663.258169
664.016753
664.775250
665.533662
666.291987
667.050226
667.808379
668.566446
669.324426
670.082320
670.840127
671.597848
672.355483
673.113031
673.870492
674.627867
675.385155
676.142356
676.899471
677.656498
678.413439
679.170294
679.927061
680.683741
681.440334
682.196840
682.953260
683.709592
684.465836
685.221994
685.978064
686.734047
687.489943
688.245752
689.001473
689.757106
690.512652
691.268111
692.023481
692.778765
693.533960
694.289068
695.044088
695.799021
696.553865
697.308622
698.063291
698.817871
699.572364
700.326769
701.081085
701.835314
702.589454
703.343507
704.097470
704.851346
705.605133
706.358832
707.112443
707.865965
708.619398
709.372744
710.126000
710.879168
711.632247
712.385237
713.138139
713.890952
714.643676
715.396311
716.148858
716.901315
717.653683
718.405963
719.158153
719.910254
720.662266
721.414189
722.166022
722.917766
723.669421
724.420987
725.172463
725.923849
726.675147
727.426354
728.177472
728.928501
729.679439
730.430288
731.181048
731.931717
732.682297
733.432787
734.183187
734.933497
735.683717
736.433846
737.183886
737.933836
738.683696
739.433465
740.183144
740.932733
741.682231
742.431639
743.180957
743.930184
744.679321
745.428367
746.177323
746.926188
747.674962
748.423646
749.172239
749.920741
750.669152
751.417473
752.165702
752.913841
753.661889
754.409845
755.157711
755.905485
756.653168
757.400760
758.148261
758.895670
759.642988
760.390215
761.137351
761.884394
762.631347
763.378208
764.124977
764.871655
765.618241
766.364735
767.111138
767.857448
768.603667
769.349794
770.095830
770.841773
771.587624
772.333383
773.079050
773.824625
774.570108
775.315499
776.060797
776.806003
777.551117
778.296139
779.041068
779.785904
780.530648
781.275300
782.019859
782.764325
783.508699
784.252980
784.997168
785.741263
786.485266
787.229176
787.972993
788.716717
789.460348
790.203885
790.947330
791.690682
792.433941
793.177106
793.920178
794.663157
795.406042
796.148834
796.891533
797.634138
798.376650
799.119068
799.861393
800.603624
801.345761
802.087805
802.829755
803.571611
804.313374
805.055042
805.796617
806.538097
807.279484
808.020777
808.761975
809.503079
810.244090
810.985006
811.725828
812.466555
813.207188
813.947727
814.688172
815.428522
816.168777
816.908938
817.649004
818.388976
819.128853
819.868636
820.608324
821.347916
822.087415
822.826818
823.566126
824.305339
825.044458
825.783481
826.522409
827.261243
827.999981
828.738623
829.477171
830.215623
830.953980
831.692242
832.430408
833.168479
833.906454
834.644334
835.382118
836.119806
836.857399
837.594896
838.332298
839.069604
839.806813
840.543927
841.280946
842.017868
842.754694
843.491424
844.228058
844.964596
845.701038
846.437383
847.173633
847.909786
848.645842
849.381803
850.117667
850.853434
851.589105
852.324680
853.060158
853.795539
854.530824
855.266012
856.001103
856.736098
857.470995
858.205796
858.940500
859.675107
860.409617
861.144030
861.878345
862.612564
863.346686
864.080710
864.814637
865.548467
866.282200
867.015835
867.749373
868.482813
869.216156
869.949401
870.682549
871.415599
872.148552
872.881407
873.614164
874.346823
875.079384
875.811848
876.544214
877.276481
878.008651
878.740723
879.472697
880.204572
880.936350
881.668029
882.399610
883.131093
883.862477
884.593763
885.324951
886.056040
886.787030
887.517923
888.248716
888.979411
889.710008
890.440505
891.170904
891.901204
892.631406
893.361508
894.091512
894.821416
895.551222
896.280928
897.010536
897.740044
898.469454
899.198764
899.927975
900.657086
901.386099
902.115011
902.843825
903.572539
904.301154
905.029669
905.758084
906.486400
907.214616
907.942733
908.670749
909.398666
910.126484
910.854201
911.581818
912.309336
913.036754
913.764071
914.491288
915.218406
915.945423
916.672340
917.399157
918.125873
918.852489
919.579005
920.305420
921.031735
921.757950
922.484064
923.210077
923.935990
924.661802
925.387514
926.113124
926.838634
927.564043
928.289352
929.014559
929.739665
930.464671
931.189575
931.914378
932.639081
933.363682
934.088182
934.812580
935.536878
936.261074
936.985169
937.709162
938.433054
939.156844
939.880533
940.604120
941.327606
942.050990
942.774273
943.497453
944.220532
944.943509
945.666384
946.389158
947.111829
947.834398
948.556866
949.279231
950.001494
950.723655
951.445714
952.167671
952.889525
953.611277
954.332927
955.054474
955.775919
956.497261
957.218501
957.939638
958.660673
959.381605
960.102434
960.823161
961.543785
962.264306
962.984724
963.705039
964.425251
965.145361
965.865367
966.585270
967.305071
968.024768
968.744361
969.463852
970.183239
970.902523
971.621704
972.340781
973.059755
973.778625
974.497392
975.216056
975.934615
976.653071
977.371423
978.089672
978.807817
979.525858
980.243795
980.961628
981.679358
982.396983
983.114504
983.831922
984.549235
985.266444
985.983549
986.700549
987.417446
988.134238
988.850925
989.567509
990.283987
991.000362
991.716632
992.432797
993.148858"
"  3498.0
  3477.0
  3472.0
  3468.0
  4229.0
  4261.0
  4264.0
  4316.0
  4356.0
  4368.0
  4385.0
  4442.0
  4500.0
  4579.0
  4675.0
  4768.0
  4857.0
  4937.0
  5001.0
  5028.0
  5112.0
  5143.0
  5195.0
  5287.0
  5341.0
  5436.0
  5568.0
  5611.0
  5748.0
  5904.0
  6080.0
  6295.0
  6511.0
  6800.0
  7196.0
  7603.0
  8176.0
  8759.0
  9536.0
 10482.0
 11644.0
 13071.0
 14640.0
 16520.0
 18515.0
 20767.0
 23201.0
 25700.0
 28445.0
 31323.0
 34170.0
 36770.0
 39391.0
 41787.0
 44208.0
 46236.0
 48144.0
 49665.0
 50775.0
 51833.0
 52931.0
 53285.0
 53801.0
 53931.0
 54105.0
 53737.0
 53450.0
 53278.0
 52539.0
 52243.0
 51669.0
 50975.0
 50126.0
 49858.0
 49322.0
 48721.0
 48132.0
 47806.0
 47329.0
 46833.0
 46458.0
 46187.0
 46076.0
 46014.0
 45859.0
 45758.0
 45674.0
 45932.0
 46212.0
 46468.0
 46845.0
 47427.0
 47985.0
 48610.0
 49357.0
 50367.0
 51420.0
 52485.0
 53639.0
 55046.0
 56252.0
 57931.0
 59473.0
 61068.0
 62675.0
 64492.0
 66245.0
 68059.0
 70014.0
 72004.0
 73618.0
 75595.0
 77307.0
 79186.0
 81300.0
 83304.0
 85033.0
 86926.0
 89005.0
 90620.0
 92588.0
 94245.0
 95686.0
 97128.0
 98554.0
100034.0
101240.0
102241.0
103319.0
104516.0
105598.0
106368.0
107146.0
107928.0
108367.0
109206.0
109899.0
110267.0
110534.0
111211.0
111332.0
111476.0
111805.0
112033.0
111897.0
111831.0
111644.0
111926.0
111706.0
111698.0
111768.0
111520.0
111656.0
111532.0
111383.0
110936.0
110558.0
110308.0
109928.0
109302.0
109302.0
108842.0
108200.0
107737.0
107427.0
106949.0
106201.0
105782.0
105303.0
104498.0
103780.0
102686.0
102120.0
101194.0
100256.0
 98995.0
 98260.0
 97435.0
 97204.0
 96945.0
 97004.0
 97552.0
 97490.0
 97468.0
 97558.0
 97798.0
 97794.0
 97908.0
 98066.0
 98671.0
 99336.0
100012.0
100354.0
 98483.0
 95165.0
 93501.0
 92569.0
 92070.0
 91415.0
 90521.0
 90011.0
 89245.0
 88745.0
 87703.0
 87155.0
 86271.0
 85890.0
 85108.0
 85031.0
 84489.0
 84010.0
 84163.0
 84165.0
 84699.0
 84504.0
 83952.0
 83353.0
 82564.0
 82111.0
 82176.0
 82234.0
 82302.0
 82818.0
 83662.0
 84484.0
 84688.0
 85661.0
 87139.0
 87587.0
 88351.0
 87543.0
 87095.0
 86827.0
 87979.0
 87673.0
 87322.0
 87674.0
 88149.0
 89104.0
 90548.0
 91323.0
 90566.0
 88091.0
 88140.0
 89795.0
 91669.0
 94007.0
 93980.0
 92114.0
 91810.0
 91186.0
 92616.0
 94642.0
 96291.0
 95785.0
 92617.0
 90430.0
 89969.0
 89343.0
 90133.0
 91294.0
 92301.0
 93061.0
 92042.0
 88699.0
 86918.0
 87284.0
 87687.0
 87748.0
 87878.0
 88872.0
 90465.0
 91922.0
 90417.0
 87874.0
 87135.0
 86376.0
 85983.0
 85852.0
 86082.0
 87950.0
 91007.0
 94788.0
 97990.0
 97491.0
 95195.0
 92320.0
 88221.0
 87471.0
 86798.0
 88523.0
 92089.0
 90125.0
 91641.0
 93017.0
 89875.0
 86454.0
 86209.0
 87314.0
 91288.0
 86425.0
 85434.0
 85842.0
 86323.0
 85422.0
 86782.0
 88750.0
 90878.0
 94797.0
 97843.0
 94921.0
 94410.0
 94341.0
 93770.0
 92335.0
 91376.0
 89976.0
 88914.0
 88351.0
 87670.0
 86130.0
 84234.0
 83270.0
 82342.0
 81770.0
 81713.0
 82822.0
 84633.0
 85665.0
 87922.0
 89088.0
 87165.0
 83690.0
 79829.0
 79401.0
 80345.0
 83723.0
 88254.0
 88998.0
 85914.0
 82090.0
 76952.0
 73136.0
 70261.0
 66497.0
 63668.0
 63921.0
 65919.0
 67255.0
 68936.0
 69874.0
 68714.0
 69365.0
 69061.0
 69180.0
 68242.0
 70313.0
 69758.0
 70702.0
 71194.0
 70591.0
 72571.0
 78878.0
106839.0
144256.0
139765.0
156950.0
 99817.0
 74308.0
 69583.0
 68735.0
 68397.0
 66430.0
 65288.0
 64117.0
 63330.0
 61687.0
 61446.0
 60605.0
 60518.0
 62327.0
 61412.0
 62122.0
 62412.0
 62086.0
 61013.0
 62328.0
 60790.0
 59157.0
 58534.0
 57178.0
 56614.0
 55590.0
 54765.0
 53016.0
 53309.0
 52649.0
 52653.0
 52217.0
 51503.0
 50150.0
 49709.0
 48596.0
 48083.0
 47168.0
 46475.0
 46305.0
 46262.0
 45257.0
 44776.0
 43667.0
 41823.0
 41808.0
 41215.0
 41360.0
 41471.0
 41727.0
 41905.0
 41989.0
 42764.0
 42885.0
 42495.0
 42080.0
 41227.0
 41551.0
 43660.0
 45862.0
 47680.0
 48166.0
 46172.0
 44910.0
 45123.0
 45935.0
 47627.0
 47819.0
 47939.0
 48089.0
 49178.0
 49632.0
 50938.0
 50566.0
 49503.0
 48156.0
 48011.0
 50138.0
 51561.0
 50819.0
 49633.0
 46542.0
 46676.0
 48150.0
 48034.0
 49324.0
 47293.0
 48617.0
 48040.0
 48180.0
 48168.0
 46384.0
 46681.0
 48951.0
 51534.0
 53448.0
 53461.0
 53057.0
 53902.0
 55731.0
 56931.0
 58976.0
 65132.0
 73246.0
 84392.0
103275.0
120794.0
134876.0
151430.0
150757.0
159774.0
176702.0
182536.0
189645.0
191910.0
205033.0
227382.0
228642.0
226402.0
229105.0
231879.0
283467.0
280153.0
252334.0
220993.0
205143.0
209621.0
208464.0
203020.0
203888.0
193639.0
180341.0
159293.0
137420.0
127455.0
134946.0
161426.0
164265.0
174796.0
178714.0
159091.0
150811.0
140955.0
136721.0
151621.0
149461.0
158426.0
156640.0
155592.0
165798.0
169267.0
155801.0
151951.0
143777.0
138147.0
137307.0
128393.0
123058.0
124179.0
127448.0
127690.0
126022.0
121909.0
122049.0
120827.0
116730.0
112617.0
 99913.0
 99483.0
 91350.0
 85393.0
 86969.0
 84974.0
 76350.0
 80320.0
 79081.0
 84214.0
 82814.0
 78409.0
 70647.0
 65380.0
 62812.0
 59097.0
 56989.0
 58365.0
 53699.0
 50791.0
 48071.0
 44024.0
 43325.0
 40429.0
 39232.0
 41004.0
 42529.0
 41483.0
 40189.0
 39793.0
 37275.0
 36929.0
 34621.0
 31456.0
 29833.0
 29834.0
 29407.0
 29037.0
 28922.0
 28377.0
 28389.0
 29742.0
 33951.0
 36128.0
 35235.0
 33811.0
 34732.0
 37269.0
 40689.0
 47264.0
 83065.0
400000.0
400000.0
400000.0
400000.0
400000.0
400000.0
184463.0
 30705.0
 27311.0
 26154.0
 26823.0
 25772.0
 26167.0
 26992.0
 26850.0
 24389.0
 24248.0
 23560.0
 24666.0
 25826.0
 26323.0
 27684.0
 34370.0
 35392.0
 32490.0
 30107.0
 26500.0
 27110.0
 26406.0
 26644.0
 31223.0
 31166.0
 35469.0
 35530.0
 33687.0
 34919.0
 30357.0
 31362.0
 34886.0
 42322.0
 48107.0
 45753.0
 43558.0
 40700.0
 36463.0
 35865.0
 35043.0
 36257.0
 39684.0
 37610.0
 39910.0
 38003.0
 33691.0
 35731.0
 30578.0
 37606.0
 41938.0
 38990.0
 38164.0
 34183.0
 31818.0
 30350.0
 32386.0
 33947.0
 32311.0
 31796.0
 28919.0
 29439.0
 39392.0
 47188.0
 46896.0
 44633.0
 39867.0
 40161.0
 39572.0
 37841.0
 37212.0
 40165.0
 43336.0
 43329.0
 43713.0
 37865.0
 35590.0
 35273.0
 37176.0
 39399.0
 37386.0
 37775.0
 37586.0
 35959.0
 34381.0
 36191.0
 35820.0
 43552.0
 47159.0
 45145.0
 44200.0
 44623.0
 45629.0
 48283.0
 50647.0
 55996.0
 53011.0
 51725.0
 53084.0
 61512.0
 58515.0
 60492.0
 57178.0
 56566.0
 46533.0
 47557.0
 53764.0
 51376.0
 46588.0
 41676.0
 40923.0
 37332.0
 37051.0
 38367.0
 36474.0
 38570.0
 42864.0
 45132.0
 44332.0
 48497.0
 55751.0
 57878.0
 54204.0
 49233.0
 47329.0
 59149.0
 53872.0
 56683.0
 60492.0
 69311.0
 78750.0
 79042.0
 74418.0
 78951.0
 77008.0
 73863.0
 58959.0
 58512.0
 65039.0
 66039.0
 77125.0
 65745.0
 54210.0
 42910.0
 49816.0
 65708.0
 70273.0
 68927.0
 70784.0
 60522.0
 51290.0
 49640.0
 44654.0
 38396.0
 35652.0
 33849.0
 34201.0
 35046.0
 40269.0
 47868.0
 50425.0
 46723.0
 54602.0
 47578.0
 48578.0
 46396.0
 40740.0
 37153.0
 38051.0
 35001.0
 38485.0
 40333.0
 44935.0
 39332.0
 36518.0
 33953.0
 33120.0
 30310.0
 32750.0
 48480.0
 49173.0
 44929.0
 30938.0
 27377.0
 32483.0
 29648.0
 30465.0
 29183.0
 30369.0
 32669.0
 27905.0
 26869.0
 29334.0
 26352.0
 27683.0
 34644.0
 39067.0
 33666.0
 32970.0
 33170.0
 26824.0
 24689.0
 26136.0
 22912.0
 20380.0
 24467.0
 31214.0
 25238.0
 22486.0
 22081.0
 23690.0
 22922.0
 20374.0
 19249.0
 19687.0
 28422.0
 24241.0
 20247.0
 18931.0
 18415.0
 19025.0
 20286.0
 22427.0
 20271.0
 23475.0
 21540.0
 21265.0
 19523.0
 16461.0
 13565.0
 12810.0
 14808.0
 17877.0
 19619.0
 22302.0
 18614.0
 16557.0
 13559.0
 12946.0
 12085.0
 12839.0
 14207.0
 14390.0
 12874.0
 12420.0
 10835.0
 10988.0
 11688.0
 11782.0
 12571.0
 10550.0
 11315.0
 11625.0
 10886.0
 12154.0
 12134.0
 12290.0
 15285.0
 24988.0
 39014.0
 33351.0
 31129.0
 22372.0
 21387.0
 20671.0
 17521.0
 16628.0
 16385.0
 15354.0
 14748.0
 12314.0
 13495.0
 13498.0
 17986.0
 14410.0
 12102.0
 11093.0
 11846.0
 14179.0
 15617.0
 13073.0
 11265.0
 12017.0
 15233.0
 12523.0
 11675.0
 14289.0
 15170.0
 15929.0
 17072.0
 14144.0
 13527.0
 13734.0
 18347.0
 19010.0
 20241.0
 19996.0
 16757.0
 12743.0
 12477.0
 16824.0
 16613.0
 15870.0
 17954.0
 19406.0
 15600.0
 14824.0
 14374.0
 13288.0
 12609.0
 11727.0
 13376.0
 14258.0
 12658.0
 13420.0
 12379.0
 12013.0
 14491.0
 14495.0
 13461.0
 13159.0
 14449.0
 12271.0
 10760.0
 12244.0
 14206.0
 13656.0
 10851.0
 12223.0
 15307.0
 14682.0
 13887.0
 12172.0
 11987.0
 11507.0
 10351.0
 10335.0
 12230.0
 12894.0
 12656.0
 11996.0
  9810.0
  8968.0
 10475.0
 12136.0
 13197.0
 14702.0
 15794.0
 12274.0
 10337.0
 10247.0
 10357.0
  8591.0
  8677.0
  9595.0
  8874.0
  8523.0
  8254.0
  8437.0
  7933.0
  8554.0
  8270.0
  7956.0
  7162.0
  6645.0
  7317.0
  7445.0
  7424.0
  6997.0
  8133.0
  7462.0
  6378.0
  5673.0
  5504.0
  5734.0
  5665.0
  5638.0
  5451.0
  5278.0
  5151.0
  5130.0
  4913.0
  4962.0
  5230.0
  5106.0
  4896.0
  4817.0
  4679.0
  4674.0
  4693.0
  4920.0
  5007.0
  5021.0
  5328.0
  5577.0
  5741.0
  5519.0
  5073.0
  4758.0
  4794.0
  4793.0
  4623.0
  4529.0
  4577.0
  4773.0
  4703.0
  4553.0
  4505.0
  4433.0
  4376.0
  4354.0
  4584.0
  4691.0
  4677.0
  4701.0
  4655.0
  4572.0
  4705.0
  4717.0
  4560.0
  4476.0
  4355.0
  4363.0
  4363.0
  4451.0
  4553.0
  4451.0
  4407.0
  4458.0
  4514.0
  4630.0
  4514.0
  4333.0
  4175.0
  4114.0
  4073.0
  4095.0
  4120.0
  4095.0
  4097.0
  4071.0
  4012.0
  4002.0
  4001.0
  4001.0
  3990.0
  3966.0
  3907.0
  3907.0
  3472.0
  3478.0
  3468.0
  3469.0"
